D1 01 00 00 CF 01 00 00 CD 01 00 00 CD 01 00 00 CE 01 00 00 CD 01 00 00 D3 01 00 00 D2 01 00 00
D1 01 00 00 D1 01 00 00 CB 01 00 00 CD 01 00 00 CD 01 00 00 D2 01 00 00 D3 01 00 00 D1 01 00 00
D1 01 00 00 CC 01 00 00 CB 01 00 00 CD 01 00 00 CD 01 00 00 D1 01 00 00 D1 01 00 00 CF 01 00 00
D0 01 00 00 CB 01 00 00 CC 01 00 00 CD 01 00 00 CD 01 00 00 D2 01 00 00 D3 01 00 00 D2 01 00 00
CD 01 00 00 CF 01 00 00 D0 01 00 00 CF 01 00 00 D3 01 00 00 D3 01 00 00 D3 01 00 00 D1 01 00 00
CC 01 00 00 CD 01 00 00 CD 01 00 00 CD 01 00 00 D1 01 00 00 D1 01 00 00 D1 01 00 00 CF 01 00 00
CC 01 00 00 CC 01 00 00 CD 01 00 00 D1 01 00 00 D1 01 00 00 D0 01 00 00 CF 01 00 00 CC 01 00 00
CB 01 00 00 CC 01 00 00 CC 01 00 00 D1 01 00 00 D0 01 00 00 CD 01 00 00 CD 01 00 00 CA 01 00 00
CB 01 00 00 CC 01 00 00 CD 01 00 00 D1 01 00 00 D0 01 00 00 CF 01 00 00 D0 01 00 00 CB 01 00 00
CD 01 00 00 CE 01 00 00 D2 01 00 00 D3 01 00 00 D2 01 00 00 D0 01 00 00 CB 01 00 00 CC 01 00 00
CC 01 00 00 CC 01 00 00 D0 01 00 00 CF 01 00 00 D0 01 00 00 CE 01 00 00 CB 01 00 00 CD 01 00 00
CD 01 00 00 CE 01 00 00 D3 01 00 00 D3 01 00 00 D2 01 00 00 CE 01 00 00 CF 01 00 00 D0 01 00 00
CE 01 00 00 D3 01 00 00 D3 01 00 00 D1 01 00 00 D1 01 00 00 CB 01 00 00 CD 01 00 00 CE 01 00 00
CF 01 00 00 D3 01 00 00 D3 01 00 00 D1 01 00 00 D0 01 00 00 CC 01 00 00 CB 01 00 00 CD 01 00 00
D1 01 00 00 D1 01 00 00 D0 01 00 00 CE 01 00 00 CB 01 00 00 CC 01 00 00 CC 01 00 00 CC 01 00 00
D0 01 00 00 CF 01 00 00 D1 01 00 00 CF 01 00 00 CC 01 00 00 CC 01 00 00 CC 01 00 00 CB 01 00 00
D1 01 00 00 D0 01 00 00 CD 01 00 00 CF 01 00 00 CC 01 00 00 CD 01 00 00 CD 01 00 00 D1 01 00 00
D1 01 00 00 CF 01 00 00 D1 01 00 00 CB 01 00 00 CB 01 00 00 CC 01 00 00 CC 01 00 00 CF 01 00 00
D0 01 00 00 CE 01 00 00 CF 01 00 00 CB 01 00 00 CC 01 00 00 CD 01 00 00 CD 01 00 00 D3 01 00 00
D2 01 00 00 D1 01 00 00 CC 01 00 00 CC 01 00 00 CC 01 00 00 CD 01 00 00 D0 01 00 00 CF 01 00 00
D1 01 00 00 CF 01 00 00 CD 01 00 00 CD 01 00 00 CD 01 00 00 CF 01 00 00 D2 01 00 00 D2 01 00 00
D1 01 00 00 D1 01 00 00 CC 01 00 00 CC 01 00 00 CD 01 00 00 D1 01 00 00 D1 01 00 00 D0 01 00 00
CF 01 00 00 CC 01 00 00 CB 01 00 00 CC 01 00 00 CC 01 00 00 D0 01 00 00 CF 01 00 00 CF 01 00 00
CF 01 00 00 CC 01 00 00 CC 01 00 00 CB 01 00 00 CD 01 00 00 D2 01 00 00 D2 01 00 00 D1 01 00 00
CD 01 00 00 CE 01 00 00 CE 01 00 00 CF 01 00 00 D3 01 00 00 D2 01 00 00 D1 01 00 00 D0 01 00 00
CB 01 00 00 CB 01 00 00 CB 01 00 00 CB 01 00 00 D0 01 00 00 CF 01 00 00 D0 01 00 00 CF 01 00 00
CC 01 00 00 CD 01 00 00 CE 01 00 00 CF 01 00 00 D3 01 00 00 D3 01 00 00 D1 01 00 00 CD 01 00 00
CD 01 00 00 CE 01 00 00 CF 01 00 00 D3 01 00 00 D3 01 00 00 D2 01 00 00 D1 01 00 00 CB 01 00 00
CD 01 00 00 CE 01 00 00 CF 01 00 00 D3 01 00 00 D3 01 00 00 D2 01 00 00 D1 01 00 00 CD 01 00 00
CE 01 00 00 CF 01 00 00 D3 01 00 00 D3 01 00 00 D1 01 00 00 D0 01 00 00 CB 01 00 00 CB 01 00 00
CB 01 00 00 CB 01 00 00 CF 01 00 00 CF 01 00 00 D0 01 00 00 CF 01 00 00 CC 01 00 00 CD 01 00 00
CE 01 00 00 D0 01 00 00 D2 01 00 00 D1 01 00 00 D1 01 00 00 CB 01 00 00 CC 01 00 00 CD 01 00 00
